# File exported by ZBrush version 4.73
# www.zbrush.com
#Vertex Count 290
#Face Count 288
#Auto scale x=1.000000 y=1.000000 z=1.000000
#Auto offset x=0.000000 y=0.000000 z=0.000000
v 0.00007014 -0.32972967 0.30837148
v -0.2579799 -0.25206559 0.31324988
v -0.35920378 -0.0048044 0.33505138
v -0.25877171 0.26545992 0.36144486
v -0.00616886 0.37194839 0.35970184
v 0.27669519 0.2768056 0.34662771
v 0.38153713 0.00722686 0.32700941
v 0.25082087 -0.23489156 0.31778302
v -0.06321333 0.56975895 0.7178924
v 0.35875442 0.44602251 0.71408426
v 0.56725436 0.06088513 0.70521771
v 0.44313994 -0.35652065 0.69659781
v 0.06261333 -0.56466502 0.69314932
v -0.35439437 -0.44513839 0.69677186
v -0.56712877 -0.06496699 0.70546287
v -0.44786736 0.35658651 0.71432149
v 0.26817232 -0.14864471 -0.41822651
v 0.33486902 -0.27478596 -0.08781919
v 0.35454356 0.12462893 -0.42427867
v 0.48250353 0.05828642 -0.04825515
v 0.26740467 0.38245838 -0.34722751
v 0.34586924 0.40286976 -0.01339473
v 0.00000124 0.47372373 -0.37683311
v 0.0008523 0.54976761 0.00531637
v -0.2674027 0.38245958 -0.34722819
v -0.34459897 0.40416163 -0.01339318
v -0.35454255 0.12463053 -0.42427951
v -0.48363602 0.06018257 -0.0480307
v -0.26817256 -0.1486435 -0.41822713
v -0.33613649 -0.27351579 -0.08782246
v -0.00000022 -0.22843566 -0.47285211
v -0.00089574 -0.41195133 -0.10010699
v 0.00000072 0.14711579 -0.56153762
v -0.46883982 0.35301601 1.16523766
v -0.45592498 0.32531404 1.61644196
v -0.44566243 0.29952773 2.05799961
v -0.42843663 0.26864007 2.49298644
v -0.28440034 0.14082777 2.8719573
v -0.58984154 -0.08881327 1.15567469
v -0.57445925 -0.10680676 1.60507512
v -0.56224846 -0.12509928 2.04504966
v -0.53862732 -0.14175644 2.48169541
v -0.38682243 -0.13724406 2.82000112
v -0.36479884 -0.48361185 1.14618468
v -0.35457274 -0.49283409 1.59382712
v -0.34616607 -0.50452846 2.03224301
v -0.33209309 -0.50855761 2.46471905
v -0.21163451 -0.37318083 2.8427205
v 0.07038427 -0.60546106 1.14221859
v 0.0706842 -0.61221408 1.5891478
v 0.07189755 -0.6218875 2.02692532
v 0.07173349 -0.61960864 2.46191263
v 0.0562142 -0.48420614 2.80451083
v 0.46604159 -0.38707265 1.1459949
v 0.45766374 -0.39927372 1.59364342
v 0.4523319 -0.41255062 2.03206229
v 0.43973672 -0.41965162 2.46454429
v 0.30065104 -0.32290548 2.85063743
v 0.59456545 0.04882459 1.15540432
v 0.58402919 0.02663786 1.60481298
v 0.57649385 0.00607079 2.04479193
v 0.55747342 -0.01549817 2.48144745
v 0.40933698 -0.04553085 2.82013106
v 0.37545853 0.45114237 1.1650449
v 0.37035718 0.42049235 1.61625492
v 0.36642348 0.39307075 2.05781579
v 0.3568657 0.35909795 2.49280881
v 0.24583041 0.20190429 2.87183713
v -0.0672471 0.57892674 1.16916465
v -0.0627314 0.54608523 1.62113189
v -0.0592164 0.5164389 2.06335282
v -0.05444267 0.4758574 2.50172472
v -0.03548458 0.31193178 2.83635735
v 0.01189417 -0.09907268 2.99424314
v 0.32326 -0.02941008 -0.44853913
v 0.45350697 0.09473078 -0.25029799
v 0.44096946 -0.12225446 -0.06945562
v 0.31329953 -0.2143334 -0.30072802
v 0.41395336 -0.07144803 -0.27695193
v 0.42468023 0.02115317 0.14046239
v 0.34086519 -0.12893027 0.32223361
v 0.28660845 -0.2619937 0.11697483
v 0.38490709 -0.13616222 0.12762576
v 0.32130628 0.27834752 -0.40559342
v 0.3158555 0.41060152 -0.2233597
v 0.44759443 0.24284106 -0.02944629
v 0.41565719 0.26380455 -0.2353816
v 0.31120142 0.32916787 0.17043288
v 0.35850617 0.15699125 0.33577883
v 0.39769995 0.18866892 0.15604838
v 0.15427999 0.44265571 -0.38354557
v 0.0000012 0.54776245 -0.1949169
v 0.18719814 0.50922793 -0.00053537
v 0.16955348 0.5099501 -0.2053892
v 0.00037126 0.4499064 0.18360917
v 0.14372329 0.34533858 0.35441443
v 0.16750167 0.41349935 0.17965854
v -0.15427762 0.44265642 -0.38354593
v -0.31585365 0.41060301 -0.22336043
v -0.18577063 0.5105043 -0.00035118
v -0.16955123 0.50995087 -0.2053896
v -0.30013048 0.33302566 0.17744858
v -0.14655254 0.34718322 0.36339312
v -0.16299498 0.42433118 0.18369625
v -0.32130459 0.27834898 -0.4055942
v -0.45350652 0.09473282 -0.250299
v -0.44756686 0.24457381 -0.02931833
v -0.41565597 0.26380643 -0.23538258
v -0.41665017 0.02735186 0.14498165
v -0.32878762 0.13900385 0.35086768
v -0.38407832 0.19079949 0.16347086
v -0.32325965 -0.02940863 -0.44853994
v -0.31330031 -0.21433198 -0.30072873
v -0.44176143 -0.12058881 -0.06943799
v -0.4139536 -0.07144616 -0.27695286
v -0.29846066 -0.26461994 0.11395309
v -0.33641028 -0.14313921 0.32174953
v -0.38812342 -0.13223058 0.12691023
v -0.15623337 -0.19584098 -0.47123417
v -0.00000069 -0.35220027 -0.30577915
v -0.18094305 -0.37437063 -0.09746886
v -0.16784985 -0.313526 -0.3070113
v -0.00413432 -0.37112215 0.10405605
v -0.13615939 -0.31414875 0.30895528
v -0.16134634 -0.34445989 0.10648242
v 0.15623308 -0.1958417 -0.47123381
v 0.17929269 -0.37505543 -0.0974671
v 0.16784866 -0.31352675 -0.30701094
v 0.13126413 -0.30065205 0.31229168
v 0.14975577 -0.34145838 0.1083094
v 0.00000106 0.33104723 -0.50056046
v -0.19293244 0.14175048 -0.52756714
v -0.17391201 0.31053993 -0.48417666
v 0.00000027 -0.05068774 -0.55520319
v -0.17581689 -0.03556264 -0.53400284
v 0.19293376 0.1417496 -0.52756673
v 0.17391401 0.31053912 -0.48417624
v 0.17581746 -0.03556343 -0.53400248
v 0.46712347 0.03007588 0.50980669
v 0.54485589 -0.15983194 0.70053881
v 0.34027183 -0.29605865 0.50143897
v 0.43645399 -0.14715723 0.50535577
v 0.31291711 0.35217592 0.5244382
v 0.49991458 0.2731924 0.70997095
v 0.42307528 0.2089412 0.51637369
v -0.03249001 0.45845133 0.53316134
v 0.15971331 0.548298 0.71684485
v 0.14808578 0.43273833 0.5300154
v -0.34382718 0.29975897 0.53244626
v -0.27597549 0.49986988 0.71702277
v -0.2037916 0.41188097 0.53486472
v -0.4560011 -0.03630782 0.51351195
v -0.5479139 0.15703909 0.71019905
v -0.42807149 0.14167055 0.5242359
v -0.30181524 -0.34649851 0.49978765
v -0.49683997 -0.27549392 0.70076584
v -0.41145652 -0.20740112 0.50516682
v 0.03083494 -0.4469628 0.49430105
v -0.15713892 -0.54449737 0.6941446
v -0.14386165 -0.42704036 0.49583566
v 0.27254933 -0.49673557 0.69405084
v 0.19760705 -0.39925029 0.49717089
v -0.59466677 -0.08022697 0.92582964
v -0.57169282 0.14336904 1.16082871
v -0.47303161 0.36377894 0.93392562
v -0.576343 0.15318751 0.93020176
v -0.58257585 -0.09773653 1.38188266
v -0.55663418 0.12027089 1.61119771
v -0.46270927 0.33965924 1.39246392
v -0.56459099 0.13209864 1.3875823
v -0.56708133 -0.11583395 1.82587409
v -0.54468286 0.09805107 2.05202388
v -0.44977209 0.31158599 1.83800959
v -0.5494194 0.10878039 1.83240997
v -0.56176745 -0.13488395 2.26337313
v -0.52273851 0.07420948 2.48789668
v -0.44500803 0.29019197 2.27724432
v -0.5441609 0.08850684 2.27084302
v -0.45370549 -0.14039441 2.69417762
v -0.35721012 -0.0096404 2.86918044
v -0.376576 0.21993356 2.70246791
v -0.45530089 0.04922083 2.702214
v -0.36794295 -0.47798341 0.91771924
v -0.51470798 -0.3078832 1.15054988
v -0.51905709 -0.3008708 0.92145806
v -0.35999292 -0.48834586 1.37140989
v -0.50106287 -0.32100665 1.59899723
v -0.50825506 -0.31449276 1.37622392
v -0.34958601 -0.49772542 1.81386864
v -0.49014177 -0.33562794 2.03812837
v -0.49449574 -0.3277322 1.81938624
v -0.34544646 -0.51475179 2.2496581
v -0.46983978 -0.34555271 2.47262716
v -0.48958909 -0.34565252 2.25596046
v -0.28621295 -0.46026021 2.67111921
v -0.31498536 -0.25015074 2.85118365
v -0.40095874 -0.31908074 2.68276143
v 0.07146323 -0.60019373 0.91429871
v -0.1586211 -0.5857703 1.14330923
v -0.15975345 -0.58080428 0.91524565
v 0.07027649 -0.60911101 1.3670479
v -0.15311676 -0.59279441 1.59042894
v -0.15615376 -0.58947163 1.36824393
v 0.07115168 -0.61584079 1.80887949
v -0.14812496 -0.60279429 2.02837777
v -0.15027549 -0.59662485 1.81024348
v 0.07314037 -0.63225054 2.24396848
v -0.14110441 -0.60214942 2.46199917
v -0.14716021 -0.61313486 2.24552035
v 0.06453018 -0.55664002 2.68266344
v -0.06821836 -0.4467428 2.84419918
v -0.12165636 -0.53803467 2.67415809
v 0.46987038 -0.37813338 0.91752308
v 0.28877633 -0.53378659 1.14320707
v 0.29165893 -0.52701211 0.91513991
v 0.46182215 -0.39368212 1.37122392
v 0.28420928 -0.54241949 1.59033
v 0.28631201 -0.53850466 1.36814379
v 0.45401796 -0.40515944 1.81368696
v 0.2818174 -0.55326986 2.02828025
v 0.28241148 -0.54678416 1.81014561
v 0.45405268 -0.42265859 2.24947691
v 0.27502778 -0.55421572 2.461905
v 0.28332597 -0.56354785 2.24542284
v 0.38994076 -0.38769793 2.67587709
v 0.17349171 -0.42673105 2.84994292
v 0.24501362 -0.50187164 2.67805767
v 0.59675502 0.06184208 0.92555064
v 0.57166636 -0.18164515 1.15030193
v 0.57513433 -0.17043183 0.92120176
v 0.58977133 0.03730446 1.38161742
v 0.56125289 -0.19864001 1.59875679
v 0.56667625 -0.19067293 1.37598085
v 0.57899558 0.01618099 1.82561457
v 0.55413824 -0.21533884 2.03789162
v 0.55648535 -0.20667119 1.8191483
v 0.5783475 -0.00355575 2.26311492
v 0.53681862 -0.22959718 2.47239923
v 0.55597657 -0.22521525 2.25572347
v 0.48678851 -0.03255594 2.70065236
v 0.37612912 -0.17605941 2.85905981
v 0.47148269 -0.22178126 2.68767452
v 0.37406402 0.46484595 0.93372714
v 0.52365344 0.27066522 1.16057884
v 0.52403664 0.28443783 0.92994391
v 0.37360224 0.43599277 1.39227473
v 0.51504528 0.24371613 1.61095511
v 0.52000457 0.25703164 1.38733708
v 0.36758559 0.40573629 1.83782446
v 0.50865572 0.21938364 2.05178523
v 0.51073074 0.2308976 1.83217001
v 0.3680067 0.38384199 2.27706027
v 0.49290147 0.1911996 2.4876666
v 0.51041519 0.20998194 2.27060413
v 0.31753084 0.29988673 2.70231056
v 0.35094258 0.07193069 2.86902022
v 0.43300715 0.15154376 2.70201325
v -0.07059173 0.59108734 0.9372161
v 0.16650882 0.55752193 1.16802227
v 0.16392187 0.57055699 0.93624591
v -0.06475024 0.56317096 1.39682471
v 0.16602112 0.52486395 1.61978447
v 0.16679048 0.54167199 1.39556551
v -0.06082083 0.52993476 1.84302175
v 0.1655962 0.49560329 2.06182718
v 0.16545492 0.50895476 1.8415879
v -0.05811597 0.50731712 2.2829833
v 0.16312922 0.45679855 2.49862432
v 0.16694918 0.48646849 2.28135275
v -0.04511962 0.39534783 2.71938824
v 0.09570969 0.27789875 2.8785665
v 0.14775164 0.38184177 2.71209955
v -0.2898606 0.50448006 1.16812622
v -0.2936787 0.51595342 0.9363532
v -0.2806687 0.47341039 1.61988544
v -0.28533959 0.48959171 1.39566767
v -0.27340477 0.44503536 2.06192636
v -0.27640116 0.45805794 1.84168791
v -0.26198461 0.40783032 2.4987204
v -0.27254739 0.43584352 2.28145241
v -0.15548634 0.24896384 2.87862372
v -0.22987222 0.33834379 2.7121849
v 0.13759289 0.06084661 2.96766066
v 0.16785396 -0.22138212 2.95598673
v 0.26691812 -0.06672334 2.94406533
v -0.14688378 0.02807815 2.9677248
v -0.01810328 0.16127023 2.95481443
v -0.11218989 -0.25363999 2.95605015
v 0.04067032 -0.34900945 2.93362236
v -0.24382822 -0.12555548 2.94418096
g Group42922
f 17 75 79 78
f 75 19 76 79
f 79 76 20 77
f 78 79 77 18
f 18 77 83 82
f 77 20 80 83
f 83 80 7 81
f 82 83 81 8
f 19 84 87 76
f 84 21 85 87
f 87 85 22 86
f 76 87 86 20
f 20 86 90 80
f 86 22 88 90
f 90 88 6 89
f 80 90 89 7
f 21 91 94 85
f 91 23 92 94
f 94 92 24 93
f 85 94 93 22
f 22 93 97 88
f 93 24 95 97
f 97 95 5 96
f 88 97 96 6
f 23 98 101 92
f 98 25 99 101
f 101 99 26 100
f 92 101 100 24
f 24 100 104 95
f 100 26 102 104
f 104 102 4 103
f 95 104 103 5
f 25 105 108 99
f 105 27 106 108
f 108 106 28 107
f 99 108 107 26
f 26 107 111 102
f 107 28 109 111
f 111 109 3 110
f 102 111 110 4
f 27 112 115 106
f 112 29 113 115
f 115 113 30 114
f 106 115 114 28
f 28 114 118 109
f 114 30 116 118
f 118 116 2 117
f 109 118 117 3
f 29 119 122 113
f 119 31 120 122
f 122 120 32 121
f 113 122 121 30
f 30 121 125 116
f 121 32 123 125
f 125 123 1 124
f 116 125 124 2
f 31 126 128 120
f 126 17 78 128
f 128 78 18 127
f 120 128 127 32
f 32 127 130 123
f 127 18 82 130
f 130 82 8 129
f 123 130 129 1
f 25 98 133 105
f 98 23 131 133
f 133 131 33 132
f 105 133 132 27
f 27 132 135 112
f 132 33 134 135
f 135 134 31 119
f 112 135 119 29
f 23 91 137 131
f 91 21 84 137
f 137 84 19 136
f 131 137 136 33
f 33 136 138 134
f 136 19 75 138
f 138 75 17 126
f 134 138 126 31
g Group43708
f 8 81 142 141
f 81 7 139 142
f 142 139 11 140
f 141 142 140 12
f 7 89 145 139
f 89 6 143 145
f 145 143 10 144
f 139 145 144 11
f 6 96 148 143
f 96 5 146 148
f 148 146 9 147
f 143 148 147 10
f 5 103 151 146
f 103 4 149 151
f 151 149 16 150
f 146 151 150 9
f 4 110 154 149
f 110 3 152 154
f 154 152 15 153
f 149 154 153 16
f 3 117 157 152
f 117 2 155 157
f 157 155 14 156
f 152 157 156 15
f 2 124 160 155
f 124 1 158 160
f 160 158 13 159
f 155 160 159 14
f 1 129 162 158
f 129 8 141 162
f 162 141 12 161
f 158 162 161 13
g Group44345
f 16 153 166 165
f 153 15 163 166
f 166 163 39 164
f 165 166 164 34
f 34 164 170 169
f 164 39 167 170
f 170 167 40 168
f 169 170 168 35
f 35 168 174 173
f 168 40 171 174
f 174 171 41 172
f 173 174 172 36
f 36 172 178 177
f 172 41 175 178
f 178 175 42 176
f 177 178 176 37
f 37 176 182 181
f 176 42 179 182
f 182 179 43 180
f 181 182 180 38
f 15 156 185 163
f 156 14 183 185
f 185 183 44 184
f 163 185 184 39
f 39 184 188 167
f 184 44 186 188
f 188 186 45 187
f 167 188 187 40
f 40 187 191 171
f 187 45 189 191
f 191 189 46 190
f 171 191 190 41
f 41 190 194 175
f 190 46 192 194
f 194 192 47 193
f 175 194 193 42
f 42 193 197 179
f 193 47 195 197
f 197 195 48 196
f 179 197 196 43
f 14 159 200 183
f 159 13 198 200
f 200 198 49 199
f 183 200 199 44
f 44 199 203 186
f 199 49 201 203
f 203 201 50 202
f 186 203 202 45
f 45 202 206 189
f 202 50 204 206
f 206 204 51 205
f 189 206 205 46
f 46 205 209 192
f 205 51 207 209
f 209 207 52 208
f 192 209 208 47
f 47 208 212 195
f 208 52 210 212
f 212 210 53 211
f 195 212 211 48
f 13 161 215 198
f 161 12 213 215
f 215 213 54 214
f 198 215 214 49
f 49 214 218 201
f 214 54 216 218
f 218 216 55 217
f 201 218 217 50
f 50 217 221 204
f 217 55 219 221
f 221 219 56 220
f 204 221 220 51
f 51 220 224 207
f 220 56 222 224
f 224 222 57 223
f 207 224 223 52
f 52 223 227 210
f 223 57 225 227
f 227 225 58 226
f 210 227 226 53
f 12 140 230 213
f 140 11 228 230
f 230 228 59 229
f 213 230 229 54
f 54 229 233 216
f 229 59 231 233
f 233 231 60 232
f 216 233 232 55
f 55 232 236 219
f 232 60 234 236
f 236 234 61 235
f 219 236 235 56
f 56 235 239 222
f 235 61 237 239
f 239 237 62 238
f 222 239 238 57
f 57 238 242 225
f 238 62 240 242
f 242 240 63 241
f 225 242 241 58
f 11 144 245 228
f 144 10 243 245
f 245 243 64 244
f 228 245 244 59
f 59 244 248 231
f 244 64 246 248
f 248 246 65 247
f 231 248 247 60
f 60 247 251 234
f 247 65 249 251
f 251 249 66 250
f 234 251 250 61
f 61 250 254 237
f 250 66 252 254
f 254 252 67 253
f 237 254 253 62
f 62 253 257 240
f 253 67 255 257
f 257 255 68 256
f 240 257 256 63
f 10 147 260 243
f 147 9 258 260
f 260 258 69 259
f 243 260 259 64
f 64 259 263 246
f 259 69 261 263
f 263 261 70 262
f 246 263 262 65
f 65 262 266 249
f 262 70 264 266
f 266 264 71 265
f 249 266 265 66
f 66 265 269 252
f 265 71 267 269
f 269 267 72 268
f 252 269 268 67
f 67 268 272 255
f 268 72 270 272
f 272 270 73 271
f 255 272 271 68
f 9 150 274 258
f 150 16 165 274
f 274 165 34 273
f 258 274 273 69
f 69 273 276 261
f 273 34 169 276
f 276 169 35 275
f 261 276 275 70
f 70 275 278 264
f 275 35 173 278
f 278 173 36 277
f 264 278 277 71
f 71 277 280 267
f 277 36 177 280
f 280 177 37 279
f 267 280 279 72
f 72 279 282 270
f 279 37 181 282
f 282 181 38 281
f 270 282 281 73
f 63 256 285 241
f 256 68 283 285
f 285 283 74 284
f 241 285 284 58
f 68 271 287 283
f 271 73 281 287
f 287 281 38 286
f 283 287 286 74
f 58 284 289 226
f 284 74 288 289
f 289 288 48 211
f 226 289 211 53
f 74 286 290 288
f 286 38 180 290
f 290 180 43 196
f 288 290 196 48

 